8.527928161621093750e+01
5.880139160156250000e+01
5.310540771484375000e+01
5.023843765258789062e+01
4.769043731689453125e+01
5.060178756713867188e+01
4.597643280029296875e+01
4.219919204711914062e+01
4.120103454589843750e+01
3.982999420166015625e+01
4.050965881347656250e+01
4.106899261474609375e+01
3.910169219970703125e+01
3.872433090209960938e+01
3.642190170288085938e+01
3.412240600585937500e+01
3.422863006591796875e+01
3.330855560302734375e+01
3.599069595336914062e+01
3.227047729492187500e+01
3.384524917602539062e+01
3.115309524536132812e+01
3.153911590576171875e+01
3.120157432556152344e+01
3.266993331909179688e+01
3.006759643554687500e+01
2.955104446411132812e+01
2.802119255065917969e+01
2.837659263610839844e+01
2.952668380737304688e+01
