8.926633596420288086e-01
5.236485004425048828e-01
4.606166183948516846e-01
4.289231002330780029e-01
4.054909944534301758e-01
4.272176325321197510e-01
3.816460669040679932e-01
3.224109709262847900e-01
2.940029203891754150e-01
2.662998735904693604e-01
2.629522085189819336e-01
2.649219036102294922e-01
2.396817505359649658e-01
2.179871797561645508e-01
2.152453511953353882e-01
2.002154737710952759e-01
1.944944262504577637e-01
1.854053288698196411e-01
2.077825516462326050e-01
1.776368468999862671e-01
1.707449257373809814e-01
1.582875847816467285e-01
1.509167999029159546e-01
1.608695089817047119e-01
1.643003672361373901e-01
1.327881067991256714e-01
1.344034820795059204e-01
1.271607577800750732e-01
1.170624643564224243e-01
1.354357004165649414e-01
