6.981891989707946777e-01
4.590812027454376221e-01
4.189117848873138428e-01
3.950350284576416016e-01
3.721980452537536621e-01
3.658233880996704102e-01
3.771213889122009277e-01
3.277010619640350342e-01
2.922860085964202881e-01
2.830956578254699707e-01
2.424612343311309814e-01
2.598017454147338867e-01
2.383391261100769043e-01
2.259081751108169556e-01
1.965710818767547607e-01
2.066252976655960083e-01
1.917952746152877808e-01
1.780623793601989746e-01
1.662658601999282837e-01
1.744037717580795288e-01
1.806149184703826904e-01
1.570814847946166992e-01
1.466234028339385986e-01
1.589552760124206543e-01
1.480291187763214111e-01
1.349748969078063965e-01
1.275343894958496094e-01
1.418058276176452637e-01
1.296357512474060059e-01
1.352526992559432983e-01
