7.534891510009765625e+01
5.580945205688476562e+01
5.167925643920898438e+01
4.808589172363281250e+01
4.610774230957031250e+01
4.491376495361328125e+01
4.844638442993164062e+01
4.201832580566406250e+01
4.098442459106445312e+01
4.254671478271484375e+01
3.891831207275390625e+01
4.087945175170898438e+01
3.820159149169921875e+01
3.786150360107421875e+01
3.595385742187500000e+01
3.519903945922851562e+01
3.613336944580078125e+01
3.510960769653320312e+01
3.372696304321289062e+01
3.419935989379882812e+01
3.451531219482421875e+01
3.195794677734375000e+01
3.073293304443359375e+01
3.292324829101562500e+01
3.174376106262207031e+01
3.191331481933593750e+01
2.969822883605957031e+01
3.243964767456054688e+01
2.984412574768066406e+01
3.097733497619628906e+01
