3.729566574096679688e+00
2.622002601623535156e+00
2.203353881835937500e+00
2.007664680480957031e+00
1.910708069801330566e+00
1.775061368942260742e+00
1.678525924682617188e+00
1.643919229507446289e+00
1.597529888153076172e+00
1.555336833000183105e+00
1.603052854537963867e+00
1.611072182655334473e+00
1.539375662803649902e+00
1.488661766052246094e+00
1.464040040969848633e+00
1.431748628616333008e+00
1.522807121276855469e+00
1.437392234802246094e+00
1.362942934036254883e+00
1.452913284301757812e+00
1.363485455513000488e+00
1.326641559600830078e+00
1.334663748741149902e+00
1.340802907943725586e+00
1.394281029701232910e+00
1.279214859008789062e+00
1.307258844375610352e+00
1.323956012725830078e+00
1.360550403594970703e+00
1.451090812683105469e+00
