7.350168228149414062e-01
3.847792744636535645e-01
2.902874350547790527e-01
2.545708715915679932e-01
2.291032820940017700e-01
2.013343721628189087e-01
1.866816431283950806e-01
1.776470839977264404e-01
1.692782193422317505e-01
1.637255400419235229e-01
1.726971566677093506e-01
1.722059994935989380e-01
1.619946360588073730e-01
1.527888029813766479e-01
1.482789516448974609e-01
1.447316855192184448e-01
1.582502722740173340e-01
1.442728936672210693e-01
1.324177235364913940e-01
1.444735229015350342e-01
1.317151188850402832e-01
1.261520236730575562e-01
1.267023682594299316e-01
1.230242773890495300e-01
1.273946166038513184e-01
1.109706386923789978e-01
1.148245930671691895e-01
1.120540723204612732e-01
1.283738166093826294e-01
1.406405717134475708e-01
