6.256962418556213379e-01
3.416014313697814941e-01
2.725093066692352295e-01
2.267609983682632446e-01
1.890190243721008301e-01
1.754468679428100586e-01
2.062358707189559937e-01
1.855538636445999146e-01
1.615371555089950562e-01
1.590378582477569580e-01
1.430986523628234863e-01
1.495626270771026611e-01
1.387434154748916626e-01
1.379701346158981323e-01
1.446097642183303833e-01
1.268400102853775024e-01
1.504502743482589722e-01
1.536463797092437744e-01
1.434437334537506104e-01
1.219632923603057861e-01
1.361223608255386353e-01
1.297720074653625488e-01
1.230151727795600891e-01
1.100655347108840942e-01
1.131396740674972534e-01
1.332813054323196411e-01
1.476692259311676025e-01
1.371615827083587646e-01
1.086608022451400757e-01
1.046417206525802612e-01
