3.489043951034545898e+00
2.548839569091796875e+00
2.210599899291992188e+00
1.998332858085632324e+00
1.789369344711303711e+00
1.724704027175903320e+00
1.911042213439941406e+00
1.775416970252990723e+00
1.626287221908569336e+00
1.600405693054199219e+00
1.501416683197021484e+00
1.571540713310241699e+00
1.477424263954162598e+00
1.487670183181762695e+00
1.542486071586608887e+00
1.402772307395935059e+00
1.581028342247009277e+00
1.599106550216674805e+00
1.510788917541503906e+00
1.386008381843566895e+00
1.499677419662475586e+00
1.452681422233581543e+00
1.410923480987548828e+00
1.309952855110168457e+00
1.334932088851928711e+00
1.509128212928771973e+00
1.568723678588867188e+00
1.513649940490722656e+00
1.325917124748229980e+00
1.304664731025695801e+00
