6.650435328483581543e-01
3.806509673595428467e-01
3.292299211025238037e-01
3.002969920635223389e-01
2.804168462753295898e-01
2.531148791313171387e-01
2.204576730728149414e-01
2.132913917303085327e-01
2.035200595855712891e-01
1.992973983287811279e-01
2.010644078254699707e-01
1.899921000003814697e-01
2.076320648193359375e-01
1.813738942146301270e-01
1.718215197324752808e-01
1.901368051767349243e-01
1.743720471858978271e-01
1.506124138832092285e-01
1.495742350816726685e-01
1.512631624937057495e-01
1.512884646654129028e-01
1.411893218755722046e-01
1.388395726680755615e-01
1.534018218517303467e-01
1.304072290658950806e-01
1.214054971933364868e-01
1.421491652727127075e-01
1.372977495193481445e-01
1.184151917695999146e-01
1.192741170525550842e-01
