9.405403900146484375e+01
6.819146728515625000e+01
6.431458282470703125e+01
6.115905761718750000e+01
5.971244812011718750e+01
5.579153442382812500e+01
5.217407608032226562e+01
5.247686386108398438e+01
5.089020156860351562e+01
5.047592926025390625e+01
5.156774902343750000e+01
4.990417480468750000e+01
5.192737579345703125e+01
4.853998184204101562e+01
4.712826919555664062e+01
5.065925598144531250e+01
4.782714080810546875e+01
4.425677490234375000e+01
4.411486053466796875e+01
4.476327133178710938e+01
4.416874313354492188e+01
4.340121841430664062e+01
4.266161346435546875e+01
4.511539459228515625e+01
4.178079605102539062e+01
4.010108566284179688e+01
4.414573669433593750e+01
4.304937744140625000e+01
3.971194839477539062e+01
3.966988372802734375e+01
