6.863499879837036133e-01
3.794770538806915283e-01
3.001008033752441406e-01
2.822985649108886719e-01
2.633824348449707031e-01
2.878682315349578857e-01
2.487207353115081787e-01
2.368971109390258789e-01
2.347079515457153320e-01
2.159643471240997314e-01
2.314569652080535889e-01
2.178809642791748047e-01
2.220504581928253174e-01
2.195700109004974365e-01
2.412274330854415894e-01
2.020463496446609497e-01
1.859219819307327271e-01
2.237025946378707886e-01
1.899975091218948364e-01
1.821018457412719727e-01
1.726499497890472412e-01
1.881788820028305054e-01
1.831770390272140503e-01
1.792293936014175415e-01
1.697957217693328857e-01
1.600761115550994873e-01
1.644028723239898682e-01
1.543014496564865112e-01
1.395689696073532104e-01
1.442013680934906006e-01
