2.662085533142089844e+01
1.880055046081542969e+01
1.602430343627929688e+01
1.565136718750000000e+01
1.483842945098876953e+01
1.550722885131835938e+01
1.451286602020263672e+01
1.413832569122314453e+01
1.390943527221679688e+01
1.324434089660644531e+01
1.391804885864257812e+01
1.401143264770507812e+01
1.348037719726562500e+01
1.383086681365966797e+01
1.511281204223632812e+01
1.332394695281982422e+01
1.283003997802734375e+01
1.351973915100097656e+01
1.284805679321289062e+01
1.249410820007324219e+01
1.217548847198486328e+01
1.278326988220214844e+01
1.296899700164794922e+01
1.235051155090332031e+01
1.229360389709472656e+01
1.212478923797607422e+01
1.248864555358886719e+01
1.199913311004638672e+01
1.152499675750732422e+01
1.175363159179687500e+01
