1.231552481651306152e+00 1.505507111549377441e+00
2.100305795669555664e+00 1.387948989868164062e+00
9.318383336067199707e-01 1.131363749504089355e+00
6.999345421791076660e-01 8.269291520118713379e-01
9.577810764312744141e-01 8.162152171134948730e-01
7.925146222114562988e-01 8.863859176635742188e-01
5.028882026672363281e-01 8.455063700675964355e-01
3.834713995456695557e-01 7.289584875106811523e-01
4.009315073490142822e-01 6.410147547721862793e-01
4.303846061229705811e-01 6.090008020401000977e-01
3.989662230014801025e-01 6.024278998374938965e-01
3.122679591178894043e-01 5.825183391571044922e-01
2.175741642713546753e-01 5.369667410850524902e-01
1.626818031072616577e-01 4.833119809627532959e-01
1.658586114645004272e-01 4.447830915451049805e-01
1.946304142475128174e-01 4.301051199436187744e-01
1.932525634765625000e-01 4.279854595661163330e-01
1.507569849491119385e-01 4.148176610469818115e-01
1.076223403215408325e-01 3.825075030326843262e-01
9.571420401334762573e-02 3.440941274166107178e-01
1.082847788929939270e-01 3.115499913692474365e-01
1.241272911429405212e-01 2.870648801326751709e-01
1.240258216857910156e-01 2.663109898567199707e-01
9.825204312801361084e-02 2.440591752529144287e-01
7.849971950054168701e-02 2.283998280763626099e-01
7.683543860912322998e-02 2.209206074476242065e-01
8.134135603904724121e-02 2.128132730722427368e-01
7.985366135835647583e-02 1.977929323911666870e-01
7.096577435731887817e-02 1.797095239162445068e-01
6.203001365065574646e-02 1.663133800029754639e-01
