1.368529796600341797e+00
1.744127392768859863e+00
1.031601071357727051e+00
7.634318470954895020e-01
8.869981765747070312e-01
8.394502401351928711e-01
6.741973161697387695e-01
5.562149286270141602e-01
5.209731459617614746e-01
5.196927189826965332e-01
5.006970763206481934e-01
4.473931491374969482e-01
3.772704601287841797e-01
3.229968845844268799e-01
3.053208589553833008e-01
3.123677670955657959e-01
3.106189966201782227e-01
2.827873229980468750e-01
2.450649142265319824e-01
2.199041694402694702e-01
2.099173814058303833e-01
2.055960893630981445e-01
1.951684057712554932e-01
1.711556017398834229e-01
1.534497737884521484e-01
1.488780230283737183e-01
1.470773220062255859e-01
1.388233006000518799e-01
1.253376454114913940e-01
1.141716986894607544e-01
