9.498943090438842773e-01 1.779322385787963867e+00
1.233315825462341309e+00 1.381813526153564453e+00
8.038507103919982910e-01 1.246194601058959961e+00
7.084420323371887207e-01 1.231901645660400391e+00
8.724020719528198242e-01 1.318849086761474609e+00
8.041892647743225098e-01 1.366119027137756348e+00
6.119673252105712891e-01 1.324912190437316895e+00
4.864392280578613281e-01 1.193807482719421387e+00
4.765294194221496582e-01 1.088497161865234375e+00
5.199096202850341797e-01 1.054740190505981445e+00
4.995342195034027100e-01 1.027171611785888672e+00
4.307954013347625732e-01 1.002799034118652344e+00
3.531579077243804932e-01 9.550769925117492676e-01
3.095471560955047607e-01 8.786182403564453125e-01
3.322383463382720947e-01 8.127644658088684082e-01
3.765171468257904053e-01 7.732511758804321289e-01
3.751823604106903076e-01 7.682503461837768555e-01
3.229896426200866699e-01 7.588253021240234375e-01
2.708758115768432617e-01 7.403021454811096191e-01
2.584660649299621582e-01 7.248758673667907715e-01
2.682083249092102051e-01 7.084075212478637695e-01
2.868827581405639648e-01 6.781158447265625000e-01
2.797386348247528076e-01 6.576449871063232422e-01
2.489171922206878662e-01 6.261875629425048828e-01
2.353085577487945557e-01 6.069576740264892578e-01
2.428985387086868286e-01 6.082695126533508301e-01
2.485641092061996460e-01 5.978153347969055176e-01
2.387686222791671753e-01 5.712209939956665039e-01
2.271652072668075562e-01 5.285569429397583008e-01
2.125362604856491089e-01 4.954701066017150879e-01
