1.364608287811279297e+00
1.307564735412597656e+00
1.025022625923156738e+00
9.701718091964721680e-01
1.095625638961791992e+00
1.085154175758361816e+00
9.684397578239440918e-01
8.401233553886413574e-01
7.825132608413696289e-01
7.873249053955078125e-01
7.633529305458068848e-01
7.167972326278686523e-01
6.541174650192260742e-01
5.940827131271362305e-01
5.725014209747314453e-01
5.748841762542724609e-01
5.717163681983947754e-01
5.409075021743774414e-01
5.055890083312988281e-01
4.916709661483764648e-01
4.883079230785369873e-01
4.824993014335632324e-01
4.686918258666992188e-01
4.375523924827575684e-01
4.211331009864807129e-01
4.255840182304382324e-01
4.231897294521331787e-01
4.049948155879974365e-01
3.778610825538635254e-01
3.540031909942626953e-01
