4.618414640426635742e-01
2.451850622892379761e-01
1.791605204343795776e-01
1.664372533559799194e-01
1.759050637483596802e-01
1.881828755140304565e-01
1.647709012031555176e-01
1.453096866607666016e-01
1.414427161216735840e-01
1.555846333503723145e-01
1.446594744920730591e-01
1.417330801486968994e-01
1.374895423650741577e-01
1.327014267444610596e-01
1.286289095878601074e-01
1.298370510339736938e-01
1.279100626707077026e-01
1.311273723840713501e-01
1.330843865871429443e-01
1.264168620109558105e-01
1.294994652271270752e-01
1.213016733527183533e-01
1.202120408415794373e-01
1.251027435064315796e-01
1.186150088906288147e-01
1.173968166112899780e-01
1.175756379961967468e-01
1.136623993515968323e-01
1.174071207642555237e-01
1.136848032474517822e-01
