3.665234756469726562e+01
2.536758041381835938e+01
2.064934158325195312e+01
1.966549682617187500e+01
2.045755004882812500e+01
2.162342834472656250e+01
1.932709312438964844e+01
1.763966178894042969e+01
1.737103843688964844e+01
1.872164726257324219e+01
1.758587646484375000e+01
1.750571060180664062e+01
1.716622543334960938e+01
1.668862342834472656e+01
1.645715522766113281e+01
1.666783905029296875e+01
1.651374626159667969e+01
1.653156280517578125e+01
1.698120498657226562e+01
1.639222335815429688e+01
1.669523429870605469e+01
1.600271224975585938e+01
1.567535781860351562e+01
1.639826011657714844e+01
1.579092693328857422e+01
1.560142803192138672e+01
1.547480010986328125e+01
1.511802196502685547e+01
1.568253135681152344e+01
1.536339855194091797e+01
