7.878007292747497559e-01
4.122593998908996582e-01
3.137802481651306152e-01
2.757061719894409180e-01
2.668553292751312256e-01
2.287395298480987549e-01
2.126850336790084839e-01
2.083907574415206909e-01
1.917715221643447876e-01
1.892385333776473999e-01
1.761366724967956543e-01
1.689928919076919556e-01
1.804196238517761230e-01
1.726050376892089844e-01
1.649507135152816772e-01
1.455727368593215942e-01
1.520005911588668823e-01
1.597446650266647339e-01
1.446479260921478271e-01
1.336741298437118530e-01
1.327682137489318848e-01
1.233718320727348328e-01
1.278353631496429443e-01
1.324963122606277466e-01
1.191705390810966492e-01
1.154625937342643738e-01
1.324507296085357666e-01
1.373859643936157227e-01
1.059298664331436157e-01
1.082388907670974731e-01
