1.095465087890625000e+02
7.558482360839843750e+01
6.521873474121093750e+01
6.156533432006835938e+01
6.116179275512695312e+01
5.630347824096679688e+01
5.431983947753906250e+01
5.401533508300781250e+01
5.147025299072265625e+01
5.172587203979492188e+01
4.979413986206054688e+01
4.915218353271484375e+01
5.028081512451171875e+01
4.977352905273437500e+01
4.868025970458984375e+01
4.556483840942382812e+01
4.608067703247070312e+01
4.878162002563476562e+01
4.477261352539062500e+01
4.361654663085937500e+01
4.314379882812500000e+01
4.184597015380859375e+01
4.261740493774414062e+01
4.381318283081054688e+01
4.153806686401367188e+01
4.053394317626953125e+01
4.318321990966796875e+01
4.463415527343750000e+01
3.896936035156250000e+01
3.942954635620117188e+01
